 0200, 0200, 0200, 3800, 2600, 1400, 0200, 1400, 2600, 3800, 3800, 0200, 0200, 0200, 0200, 3800,
 0200, 3800, 0200, 0200, 3800, 2600, 1400, 2600, 3800, 3800, 2600, 3800, 0200, 0200, 3800, 2600,
 3800, 2600, 3800,-0325,-0150, 3800, 2600, 3800, 3800, 2600, 1400, 2600, 3800, 3800, 2600, 1400,
 2600, 1400, 2600, 3800, 0025,-0150, 3800, 3800, 2600, 1400, 0200, 1400, 2600, 3800, 1400, 0200,
 1400, 0200, 1400, 2600, 0200, 0025,-0150,-0325, 3800, 2600, 1400, 2600, 3800, 3800, 2600, 1400,
 2600, 1400, 2600, 3800, 0025,-0150,-0325, 0200, 3800, 3800, 2600, 3800, 2600, 1400, 3800, 2600,
 3800, 2600, 3800,-0325,-0150,-0325, 0200, 3800, 2600, 3800, 3800, 2600, 1400, 0200, 1400, 3800,
 0200, 3800, 2600, 3800,-0325, 3800, 3800, 2600, 1400, 2600, 3800, 3800, 2600, 1400, 2600, 3800,
 3800, 2600, 1400, 2600, 3800, 3800, 2600, 1400, 0200, 1400, 2600, 3800, 3800, 2600, 3800, 0200,
 2600, 1400, 0200, 1400, 0200, 3800, 3800, 2600, 0200, 2600, 3800, 0200, 1400, 3800, 3800, 0200,
 3800, 2600, 1400, 2600, 3800, 2600, 3800, 3800, 2600, 3800, 3800, 1400, 2600, 3800, 0200, 0200,
 2600, 3800, 2600, 3800, 2600, 3800, 0200, 3800, 3800, 3800, 3800, 2600, 3800, 0200, 0200, 0200,
 1400, 0200, 3800, 2600, 3800, 0200, 0200, 3800, 3800, 1400, 2600, 3800, 0200, 0200, 0200, 0200,
 2600, 1400, 2600, 3800, 0200, 0200, 3800, 2600, 1400, 0200, 1400, 2600, 3800, 0200, 0200, 0200,
 3800, 0200, 3800, 2600, 3800, 0200, 0200, 3800, 2600, 1400, 0200, 3800, 2600, 3800, 0200, 0200,
 2600, 3800, 2600, 3800, 0200, 0200, 0200, 0200, 3800, 2600, 3800, 2600, 3800, 0200, 0200, 0200